36.38936, -77.12843
36.39021, -77.02015
36.39101, -76.9202
36.39183, -76.82022
36.39265, -76.72025
36.39352, -76.61194
36.39444, -76.4953
36.39536, -76.37868
36.39627, -76.26206
36.39718, -76.14544
36.39809, -76.02881
36.39901, -75.91219
36.39994, -75.79559
36.40084, -75.67896
36.40173, -75.56232
36.40265, -75.4457
36.40355, -75.32908
36.40442, -75.21249
36.40531, -75.09587
36.40615, -74.97926
36.40691, -74.86266
36.40738, -74.74632
36.40744, -74.64099
36.40728, -74.54067
36.40708, -74.43533
36.40677, -74.31895
36.40643, -74.20227
36.40615, -74.08757
36.40603, -73.98517
36.40594, -73.88481
36.40586, -73.78442
36.40576, -73.68403
36.40568, -73.58366
36.40558, -73.48328
36.40549, -73.38287
36.40542, -73.28966
36.40535, -73.20362
36.40528, -73.11758
36.4052, -73.03153
36.40515, -72.94549
36.40508, -72.85946
36.405, -72.77304
36.40503, -72.67696
36.40509, -72.58047
36.40509, -72.48397
36.40511, -72.38786
36.40509, -72.29331
36.40515, -72.19566
36.40511, -72.10034
36.40513, -72.00269
36.40511, -71.90973
36.40525, -71.81557
36.40512, -71.72961
36.40496, -71.64364
36.40482, -71.55767
36.40467, -71.4717
36.40452, -71.38573
36.40438, -71.29977
36.40424, -71.2138
36.40409, -71.12783
36.40361, -71.03369
36.40266, -70.93374
36.40172, -70.83374
36.40072, -70.72654
36.39956, -70.6013
36.3987, -70.47535
36.39943, -70.34937
36.40037, -70.22342
36.40132, -70.09747
36.40225, -69.9715
36.40313, -69.84551
36.40401, -69.71958
36.4049, -69.59365
36.40577, -69.46772
36.4066, -69.34177
36.4075, -69.20535
36.40844, -69.05841
36.40921, -68.92944
36.40932, -68.91145
36.40933, -68.91148
36.40931, -68.91149
36.40932, -68.91154
36.40932, -68.91154
36.40932, -68.91154
36.40931, -68.9116
36.4093, -68.91161
36.4093, -68.91162
36.40929, -68.91164
36.40929, -68.91164
36.40929, -68.91164
36.40928, -68.91168
36.40928, -68.91166
36.40926, -68.91168
36.40923, -68.91168
36.40921, -68.91169
36.40921, -68.9117
36.40919, -68.91171
36.40914, -68.90453
36.40896, -68.8116
36.40836, -68.69489
36.40879, -68.57816
36.40924, -68.4614
36.40963, -68.3447
36.41005, -68.22793
36.41046, -68.11117
36.41085, -67.99444
36.41126, -67.8777
36.41169, -67.76097
36.4121, -67.64423
36.41248, -67.52751
36.41268, -67.41077
36.4127, -67.29406
36.41268, -67.17735
36.41269, -67.06062
36.41263, -66.94392
36.41262, -66.8272
36.41245, -66.7138
36.41202, -66.59834
36.41158, -66.48161
36.41102, -66.36489
36.41024, -66.24825
36.40948, -66.13157
36.40867, -66.01491
36.40786, -65.89823
36.40708, -65.78154
36.40631, -65.66491
36.40553, -65.54823
36.40477, -65.43153
36.40402, -65.31482
36.40328, -65.19808
36.40255, -65.0814
36.40199, -64.96461
36.40166, -64.84776
36.40128, -64.73102
36.40093, -64.61422
36.4006, -64.4974
36.40022, -64.3806
36.39988, -64.26377
36.39956, -64.14697
36.39925, -64.03014
36.3989, -63.91339
36.39856, -63.79654
36.39823, -63.67978
36.39791, -63.56305
36.39758, -63.44629
36.39722, -63.32959
36.39682, -63.21286
36.39616, -63.09611
36.39563, -62.97938
36.39532, -62.86266
36.39502, -62.7459
36.39472, -62.62911
36.39442, -62.51234
36.39414, -62.39564
36.39389, -62.27887
36.39362, -62.16213
36.39334, -62.04537
36.39305, -61.92859
36.39275, -61.81185
36.39247, -61.69504
36.39219, -61.57824
36.39198, -61.46851
36.39191, -61.36818
36.39186, -61.26785
36.3918, -61.16754
36.39175, -61.06723
36.39167, -60.96656
36.39172, -60.85483
36.39183, -60.73807
36.39193, -60.62133
36.39208, -60.50456
36.39222, -60.38783
36.39233, -60.27104
36.39245, -60.15426
36.39254, -60.0375
36.39251, -59.92577
36.39231, -59.81803
36.39199, -59.70123
36.39169, -59.58447
36.3914, -59.46769
36.39109, -59.35092
36.39082, -59.23417
36.39054, -59.11782
36.39038, -59.01251
36.39032, -58.91219
36.39026, -58.81186
36.39022, -58.71154
36.39009, -58.60786
36.38954, -58.49211
36.38895, -58.37532
36.38842, -58.25854
36.38792, -58.14178
36.3875, -58.02505
36.38715, -57.90822
36.38691, -57.79144
36.38676, -57.67468
36.38675, -57.55784
36.38697, -57.44104
36.3875, -57.32433
36.38815, -57.2076
36.38766, -57.09091
36.38704, -56.97421
36.38641, -56.85748
36.38564, -56.74064
36.38503, -56.6239
36.38428, -56.50715
36.3833, -56.39034
36.3823, -56.2736
36.38129, -56.15685
36.38016, -56.04001
36.37913, -55.92327
36.37805, -55.80647
36.377, -55.68969
36.37603, -55.573
36.37508, -55.45627
36.37415, -55.3396
36.37324, -55.22294
36.37223, -55.10624
36.37132, -54.98953
36.37037, -54.87287
36.36945, -54.7562
36.36852, -54.63955
36.36754, -54.52288
36.3666, -54.40622
36.36568, -54.28959
36.36478, -54.17294
36.36388, -54.05627
36.36295, -53.93964
36.36213, -53.82299
36.36132, -53.70631
36.36084, -53.63968
36.36085, -53.6397
36.36088, -53.63974
36.3609, -53.63976
36.3609, -53.63976
36.36093, -53.63979
36.36096, -53.63983
36.36097, -53.63985
36.361, -53.63988
36.36103, -53.6399
36.36108, -53.63992
36.36112, -53.63995
36.36116, -53.63997
36.36118, -53.64
36.36121, -53.64001
36.36123, -53.64001
36.36125, -53.64002
36.36128, -53.64002
36.36129, -53.64002
36.36132, -53.64002
36.36135, -53.64002
36.36139, -53.64002
36.3614, -53.64002
36.36142, -53.64002
36.36144, -53.64002
36.36154, -53.59002
36.36099, -53.47337
36.36177, -53.3567
36.36208, -53.23818
36.36113, -53.09739
36.36015, -52.9504
36.35921, -52.8034
36.35828, -52.65641
36.35732, -52.5094
36.35645, -52.37141
36.35627, -52.34141
36.35629, -52.3414
36.35629, -52.34138
36.3563, -52.34137
36.3563, -52.34136
36.3563, -52.34133
36.35628, -52.3413
36.35629, -52.34128
36.35629, -52.34127
36.35629, -52.34128
36.3563, -52.34126
36.3563, -52.34127
36.3563, -52.34128
36.35628, -52.34129
36.35627, -52.34128
36.35627, -52.34129
36.35626, -52.34128
36.35626, -52.34128
36.35626, -52.34126
36.35585, -52.2912
36.35584, -52.17448
36.35599, -52.05774
36.35606, -51.94098
36.35613, -51.82418
36.35595, -51.70745
36.35517, -51.58454
36.35419, -51.43931
36.35325, -51.29215
36.35241, -51.15403
36.35221, -51.12403
36.35219, -51.12407
36.35217, -51.1241
36.35215, -51.12414
36.35214, -51.12417
36.35215, -51.12419
36.35215, -51.12426
36.35216, -51.12431
36.35217, -51.12432
36.3522, -51.12436
36.35222, -51.12439
36.35224, -51.1244
36.35226, -51.12441
36.35229, -51.12442
36.35233, -51.12443
36.35237, -51.12444
36.35239, -51.12443
36.35243, -51.12442
36.35239, -51.11729
36.35178, -51.02444
36.35199, -50.90777
36.35157, -50.79111
36.35089, -50.66826
36.35011, -50.52311
36.34932, -50.37611
36.34855, -50.2291
36.34781, -50.08208
36.3471, -49.93506
36.3465, -49.81806
36.34644, -49.80909
36.34641, -49.80914
36.3464, -49.80919
36.34638, -49.80925
36.34638, -49.80931
36.34638, -49.80935
36.3464, -49.80941
36.34643, -49.80944
36.34646, -49.8095
36.34649, -49.80954
36.34653, -49.80958
36.34658, -49.80964
36.34662, -49.80967
36.34667, -49.80969
36.34673, -49.80973
36.34679, -49.80976
36.34683, -49.80976
36.34687, -49.80977
36.34692, -49.80976
36.34701, -49.77401
36.34711, -49.65966
36.34731, -49.54287
36.34762, -49.42605
36.34763, -49.30929
36.34729, -49.19255
36.34663, -49.06645
36.34588, -48.92002
36.34515, -48.77295
36.34444, -48.62889
36.34418, -48.58388
36.34417, -48.5839
36.34415, -48.5839
36.34414, -48.5839
36.34415, -48.58392
36.34415, -48.58393
36.34415, -48.58396
36.34415, -48.58399
36.34416, -48.58401
36.34418, -48.58403
36.34421, -48.58405
36.34422, -48.58405
36.34422, -48.58405
36.34423, -48.58405
36.34423, -48.58406
36.34424, -48.58405
36.34426, -48.58405
36.34428, -48.58405
36.34431, -48.58167
36.34489, -48.50072
36.34562, -48.38406
36.3469, -48.2674
36.34836, -48.14703
36.35009, -48.00374
36.35182, -47.85675
36.35356, -47.70977
36.35526, -47.56467
36.35667, -47.42864
36.35791, -47.31145
36.35835, -47.26245
36.35836, -47.26245
36.35839, -47.26245
36.35843, -47.26248
36.35845, -47.26249
36.35848, -47.26252
36.35851, -47.26255
36.35853, -47.26258
36.35854, -47.26262
36.35855, -47.26266
36.35855, -47.26271
36.35855, -47.26275
36.35856, -47.2628
36.35856, -47.26284
36.35855, -47.26285
36.35852, -47.2629
36.35849, -47.26293
36.35848, -47.26295
36.35845, -47.26297
36.3584, -47.26059
36.35899, -47.17963
36.35989, -47.06291
36.3599, -46.94606
36.36062, -46.82926
36.36133, -46.7125
36.3626, -46.59583
36.36396, -46.46969
36.36554, -46.32311
36.36715, -46.17587
36.36863, -46.03771
36.36897, -46.00766
36.36898, -46.00766
36.36898, -46.00769
36.36901, -46.0077
36.36903, -46.00771
36.36904, -46.00772
36.36907, -46.00775
36.3691, -46.0078
36.36911, -46.00781
36.36911, -46.00782
36.36911, -46.00785
36.36911, -46.00788
36.3691, -46.0079
36.3691, -46.00793
36.36911, -46.00796
36.36909, -46.00798
36.36906, -46.008
36.36904, -46.00802
36.36901, -46.00805
36.36899, -45.95805
36.36892, -45.8414
36.36833, -45.72474
36.36765, -45.60746
36.36686, -45.46976
36.36604, -45.32275
36.36523, -45.17575
36.36446, -45.02876
36.36371, -44.88174
36.36297, -44.73472
36.36267, -44.67172
36.36268, -44.67172
36.36268, -44.6717
36.36268, -44.67168
36.36268, -44.67167
36.36269, -44.67165
36.36269, -44.67163
36.3627, -44.67162
36.3627, -44.67161
36.3627, -44.6716
36.3627, -44.6716
36.36269, -44.6716
36.36269, -44.6716
36.3627, -44.67159
36.3627, -44.67159
36.36272, -44.6716
36.36272, -44.67162
36.36271, -44.67162
36.3627, -44.67165
36.36269, -44.67165
36.36279, -44.62162
36.36287, -44.5048
36.36304, -44.38808
36.36323, -44.27139
36.3631, -44.15464
36.36251, -44.03787
36.36189, -43.9081
36.3612, -43.76105
36.3605, -43.61396
36.35984, -43.4699
36.35966, -43.42493
36.35966, -43.42493
36.35965, -43.42495
36.35965, -43.42496
36.35965, -43.42498
36.35964, -43.42498
36.35964, -43.42501
36.35965, -43.42504
36.35967, -43.42507
36.35967, -43.42508
36.3597, -43.42511
36.35971, -43.42514
36.35971, -43.42516
36.35975, -43.42517
36.35978, -43.42517
36.35981, -43.42519
36.35981, -43.42519
36.35983, -43.42519
36.35984, -43.42518
36.35971, -43.40137
36.36017, -43.29187
36.36134, -43.17521
36.36285, -43.05854
36.36451, -42.92886
36.36635, -42.78187
36.36818, -42.63491
36.36995, -42.48794
36.3716, -42.34662
36.37296, -42.2223
36.37399, -42.1148
36.37415, -42.09132
36.37411, -42.0913
36.37407, -42.09128
36.37402, -42.09125
36.37399, -42.09123
36.37395, -42.09119
36.37391, -42.09115
36.37388, -42.09111
36.37387, -42.09107
36.37386, -42.09104
36.37386, -42.091
36.37386, -42.09095
36.37387, -42.09091
36.37389, -42.09088
36.37391, -42.09088
36.37391, -42.09086
36.37394, -42.09083
36.37395, -42.09081
36.37396, -42.09079
36.37398, -42.08363
36.37484, -41.99072
36.37614, -41.8739
36.37698, -41.75711
36.37811, -41.64032
36.37931, -41.52344
36.38048, -41.40657
36.38179, -41.27679
36.38329, -41.12962
36.38471, -40.98248
36.38611, -40.83532
36.38671, -40.77228
36.38672, -40.7723
36.38672, -40.7723
36.38673, -40.7723
36.38676, -40.7723
36.38678, -40.77233
36.38681, -40.77236
36.38682, -40.77237
36.38682, -40.77239
36.38683, -40.7724
36.38683, -40.77238
36.38684, -40.77239
36.38683, -40.7724
36.38682, -40.77243
36.38681, -40.77245
36.38682, -40.77245
36.38683, -40.77244
36.3868, -40.77247
36.38679, -40.77248
36.38677, -40.7725
36.38685, -40.73679
36.3872, -40.62249
36.38713, -40.50583
36.38681, -40.38915
36.38584, -40.25949
36.38487, -40.123
36.38401, -39.99702
36.38318, -39.87105
36.38242, -39.74506
36.38169, -39.61908
36.38106, -39.49657
36.38089, -39.46156
36.38089, -39.46156
36.38088, -39.46157
36.38087, -39.46159
36.38089, -39.46159
36.38088, -39.46162
36.38088, -39.46164
36.38087, -39.46163
36.38087, -39.46161
36.38087, -39.46162
36.38086, -39.46162
36.38087, -39.46162
36.38089, -39.46163
36.38092, -39.46165
36.38094, -39.46168
36.38096, -39.46169
36.38098, -39.4617
36.38099, -39.46172
36.38102, -39.46174
36.38104, -39.46176
36.38105, -39.46176
36.38106, -39.46176
36.38115, -39.44507
36.38116, -39.35332
36.38127, -39.25322
36.38152, -39.15315
36.38143, -39.05308
36.38118, -38.95299
36.38073, -38.85286
36.38037, -38.74845
36.38001, -38.62452
36.3797, -38.49846
36.37954, -38.37236
36.37952, -38.24987
36.37954, -38.21485
36.37955, -38.21486
36.37956, -38.21488
36.37957, -38.21488
36.37957, -38.21489
36.37957, -38.21487
36.37957, -38.21488
36.37957, -38.21489
36.37957, -38.2149
36.37956, -38.21489
36.37956, -38.21488
36.37955, -38.21486
36.37953, -38.21484
36.37952, -38.21483
36.37951, -38.21482
36.3795, -38.21483
36.37949, -38.21483
36.37947, -38.21483
36.37946, -38.21483
36.37944, -38.21482
36.37944, -38.21483
36.37943, -38.21484
36.3796, -38.20651
36.3804, -38.1232
36.38161, -38.0232
36.38319, -37.92323
36.3848, -37.82251
36.38656, -37.70371
36.38817, -37.57772
36.38938, -37.45171
36.39009, -37.32574
36.39002, -37.20046
36.39071, -37.09034
36.39151, -36.98933
36.39212, -36.89962
36.39227, -36.88295
36.39229, -36.88297
36.3923, -36.88297
36.39232, -36.88297
36.39234, -36.88297
36.39235, -36.88298
36.39233, -36.88297
36.39234, -36.88297
36.39234, -36.88297
36.39235, -36.88299
36.39236, -36.88303
36.39237, -36.88305
36.39237, -36.88307
36.39237, -36.8831
36.39238, -36.88312
36.39237, -36.88313
36.39236, -36.88313
36.39234, -36.88315
36.39233, -36.88319
36.39231, -36.88321
36.39231, -36.88322
36.39229, -36.88322
36.39228, -36.88325
36.3924, -36.82486
36.39316, -36.72477
36.39343, -36.6247
36.39385, -36.52457
36.39439, -36.42453
36.39516, -36.32449
36.39593, -36.22435
36.39679, -36.11712
36.39779, -35.99174
36.39877, -35.86567
36.39976, -35.73954
36.40072, -35.61697
36.40097, -35.58197
36.40097, -35.58197
36.40094, -35.58196
36.40092, -35.58195
36.40091, -35.58195
36.40092, -35.58195
36.4009, -35.58194
36.40088, -35.58192
36.40087, -35.58189
36.40086, -35.58189
36.40087, -35.58187
36.40087, -35.58185
36.40086, -35.58184
36.40087, -35.5818
36.40087, -35.58178
36.40087, -35.58179
36.40086, -35.58179
36.40087, -35.58178
36.40089, -35.58176
36.4009, -35.58175
36.40092, -35.58173
36.40094, -35.58172
36.40095, -35.58171
36.40096, -35.55391
36.40119, -35.45669
36.40127, -35.35669
36.40135, -35.25669
36.40171, -35.15454
36.40265, -35.03285
36.4036, -34.90683
36.40454, -34.78085
36.40548, -34.65484
36.40641, -34.52884
36.40736, -34.40285
36.40824, -34.28036
36.4085, -34.24537
36.4085, -34.24537
36.4085, -34.24537
36.4085, -34.24537
36.40851, -34.24537
36.40852, -34.24538
36.40851, -34.24537
36.40851, -34.24537
36.4085, -34.24538
36.4085, -34.24538
36.40851, -34.2454
36.40853, -34.24542
36.40854, -34.24544
36.40853, -34.24546
36.40852, -34.24547
36.40853, -34.24548
36.40854, -34.24546
36.40854, -34.24544
36.40853, -34.24544
36.40851, -34.24545
36.4085, -34.24547
36.40847, -34.24547
36.4086, -34.22881
36.40854, -34.13711
36.40839, -34.03708
36.40815, -33.93704
36.4079, -33.83688
36.40759, -33.73672
36.40727, -33.63664
36.40631, -33.53439
36.40511, -33.41271
36.40389, -33.28664
36.40261, -33.16047
36.40152, -33.04491
36.40133, -33.02387
36.40136, -33.02383
36.40138, -33.0238
36.40139, -33.02378
36.40141, -33.02375
36.40141, -33.02372
36.40141, -33.02371
36.4014, -33.02366
36.4014, -33.02362
36.40139, -33.02358
36.40136, -33.02353
36.40134, -33.02349
36.4013, -33.02346
36.40128, -33.02344
36.40125, -33.02341
36.40121, -33.02339
36.40116, -33.02337
36.40111, -33.02336
36.40108, -33.02336
36.40105, -33.02337
36.40101, -33.02338
36.40109, -33.00672
36.4006, -32.91506
36.40017, -32.81507
36.40076, -32.71507
36.40007, -32.60785
36.39893, -32.48257
36.39781, -32.35656
36.39669, -32.23056
36.39557, -32.10458
36.39447, -31.97857
36.39337, -31.85258
36.39238, -31.73709
36.3922, -31.7161
36.39218, -31.71611
36.39217, -31.71612
36.39218, -31.71613
36.39218, -31.71613
36.39218, -31.71613
36.39217, -31.71612
36.39218, -31.71612
36.39218, -31.71612
36.39218, -31.71613
36.39219, -31.71613
36.39221, -31.71616
36.39222, -31.71617
36.39224, -31.71617
36.39225, -31.71618
36.39227, -31.71619
36.39228, -31.71621
36.3923, -31.7162
36.39231, -31.71621
36.39232, -31.71621
36.39233, -31.71621
36.39235, -31.71621
36.3924, -31.69953
36.39212, -31.60784
36.39235, -31.50774
36.39259, -31.40768
36.39281, -31.30759
36.39316, -31.20751
36.39393, -31.10735
36.39474, -31.00283
36.3957, -30.87882
36.39668, -30.75271
36.39766, -30.62655
36.39863, -30.50034
36.39902, -30.44781
36.39902, -30.44781
36.39905, -30.44781
36.39907, -30.44783
36.39908, -30.44784
36.39912, -30.44787
36.39917, -30.44791
36.39919, -30.44793
36.3992, -30.44793
36.39922, -30.44795
36.39922, -30.44797
36.39923, -30.44799
36.39923, -30.44799
36.39922, -30.448
36.39923, -30.44802
36.39922, -30.44805
36.3992, -30.44809
36.3992, -30.44812
36.39919, -30.44814
36.39916, -30.44817
36.39917, -30.44816
36.39915, -30.44817
36.39918, -30.4454
36.39968, -30.37317
36.39988, -30.27317
36.4003, -30.17316
36.40104, -30.07317
36.40186, -29.96235
36.40276, -29.83636
36.40367, -29.71037
36.40456, -29.58437
36.40545, -29.45836
36.40632, -29.33237
36.40719, -29.20635
36.40797, -29.09085
36.40811, -29.06984
36.40811, -29.06983
36.40814, -29.06985
36.40815, -29.06985
36.40815, -29.06984
36.40815, -29.06983
36.40813, -29.06983
36.40813, -29.06983
36.40813, -29.06983
36.40813, -29.06984
36.40814, -29.06986
36.40814, -29.06987
36.40813, -29.06988
36.40813, -29.06989
36.40812, -29.06989
36.40811, -29.0699
36.40811, -29.06991
36.40812, -29.06993
36.40811, -29.06992
36.40811, -29.06992
36.4081, -29.06993
36.4081, -29.06993
36.40809, -29.06992
36.40787, -29.01153
36.40765, -28.91138
36.40748, -28.81133
36.40731, -28.71133
36.40693, -28.61119
36.40647, -28.51104
36.40565, -28.41094
36.40452, -28.30363
36.40327, -28.17826
36.40197, -28.05213
36.40065, -27.92601
36.39993, -27.85248
36.39992, -27.85246
36.39991, -27.85247
36.39991, -27.85246
36.39991, -27.85245
36.39992, -27.85244
36.39993, -27.85246
36.39991, -27.85245
36.39994, -27.85246
36.39993, -27.85247
36.39992, -27.85245
36.39992, -27.85244
36.39991, -27.85242
36.3999, -27.85242
36.39989, -27.85242
36.39989, -27.85242
36.39989, -27.85242
36.39988, -27.85242
36.39987, -27.85241
36.39986, -27.85242
36.39986, -27.85241
36.39985, -27.85242
36.3995, -27.82464
36.39858, -27.72742
36.39885, -27.62742
36.39929, -27.52743
36.39946, -27.42744
36.40016, -27.32526
36.40042, -27.21877
36.40113, -27.11877
36.40182, -27.01876
36.40251, -26.91875
36.40317, -26.81875
36.40382, -26.72153
36.404, -26.69375
36.40395, -26.69373
36.4039, -26.69372
36.40385, -26.6937
36.4038, -26.69367
36.40376, -26.69365
36.40373, -26.69363
36.4037, -26.6936
36.40367, -26.69356
36.40365, -26.69353
36.40361, -26.69348
36.40359, -26.69344
36.40358, -26.69341
36.40356, -26.69337
36.40355, -26.69333
36.40355, -26.69328
36.40356, -26.69325
36.40357, -26.69322
36.40358, -26.69317
36.4036, -26.69313
36.40361, -26.69308
36.40363, -26.69303
36.40367, -26.693
36.40369, -26.69296
36.40374, -26.63455
36.40435, -26.53448
36.40382, -26.43441
36.40384, -26.3343
36.40371, -26.23415
36.40329, -26.13404
36.40229, -26.03395
36.40111, -25.92304
36.39983, -25.79698
36.39854, -25.67089
36.39722, -25.54475
36.39607, -25.42918
36.39585, -25.40818
36.39584, -25.4082
36.39583, -25.40821
36.39582, -25.40825
36.39582, -25.40827
36.39581, -25.40832
36.39582, -25.40836
36.39583, -25.40839
36.39582, -25.40843
36.39585, -25.40846
36.39586, -25.40847
36.39588, -25.40849
36.39589, -25.4085
36.39594, -25.40852
36.39596, -25.40853
36.39598, -25.40855
36.39601, -25.40856
36.39603, -25.40857
36.39605, -25.40856
36.39609, -25.40856
36.39612, -25.40856
36.39614, -25.40855
36.39616, -25.40854
36.39634, -25.35019
36.39647, -25.25017
36.39721, -25.15019
36.39794, -25.05022
36.39863, -24.95023
36.39931, -24.85023
36.40001, -24.75024
36.40066, -24.65024
36.40129, -24.55024
36.40196, -24.45026
36.40261, -24.35029
36.40327, -24.25031
36.40391, -24.15031
36.40453, -24.05033
36.40513, -23.95035
36.40575, -23.85038
36.40633, -23.75041
36.40686, -23.65044
36.40733, -23.55046
36.40723, -23.45048
36.40648, -23.35052
36.4055, -23.25056
36.40439, -23.15057
36.40328, -23.05056
36.40219, -22.95058
36.40112, -22.85059
36.40007, -22.7506
36.39903, -22.6506
36.39801, -22.55062
36.39701, -22.45063
36.39605, -22.35064
36.39508, -22.25064
36.39413, -22.15064
36.39319, -22.05066
36.39228, -21.95068
36.39138, -21.85068
36.3905, -21.7507
36.38964, -21.65071
36.3888, -21.55071
36.38798, -21.45072
36.3872, -21.35072
36.38639, -21.25075
36.38562, -21.15077
36.38489, -21.05077
36.38418, -20.95079
36.38347, -20.85081
36.3828, -20.75082
36.38215, -20.65084
36.38151, -20.55086
36.38089, -20.45086
36.38031, -20.35088
36.37976, -20.25089
36.37924, -20.1509
36.37878, -20.05089
36.37836, -19.95089
36.37794, -19.8509
36.37755, -19.75089
36.37719, -19.65088
36.37683, -19.55085
36.37654, -19.45084
36.37627, -19.35085
36.37608, -19.25087
36.37594, -19.15091
36.37581, -19.05094
36.37571, -18.95095
36.37571, -18.85098
36.37571, -18.75099
36.37576, -18.65097
36.37596, -18.55091
36.37617, -18.45088
36.37641, -18.35088
36.37671, -18.25089
36.3771, -18.15088
36.37761, -18.05086
36.37819, -17.95088
36.37887, -17.85086
36.37967, -17.75084
36.38059, -17.65081
36.38169, -17.55079
36.38302, -17.45079
36.38469, -17.35077
36.38667, -17.25633
36.38669, -17.16742
36.38588, -17.06739
36.38509, -16.96735
36.38433, -16.86721
36.38355, -16.76715
36.38276, -16.66709
36.38197, -16.56698
36.3812, -16.46692
36.38041, -16.36684
36.37975, -16.26669
36.37927, -16.16655
36.37883, -16.06649
36.37827, -15.96641
36.3778, -15.8663
36.37734, -15.76621
36.37687, -15.66613
36.37641, -15.56601
36.37596, -15.46596
36.37551, -15.36589
36.37506, -15.26579
36.37461, -15.16569
36.37418, -15.06559
36.37375, -14.96548
36.37332, -14.86537
36.37289, -14.76528
36.37248, -14.66527
36.37202, -14.56518
36.37157, -14.46509
36.37117, -14.36506
36.37068, -14.26495
36.37025, -14.16495
36.36985, -14.06491
36.3694, -13.96481
36.36895, -13.86513
36.36875, -13.77514
36.36875, -13.68865
36.3686, -13.59641
36.36848, -13.50608
36.36773, -13.40634
36.36692, -13.30625
36.36614, -13.20618
36.3654, -13.10612
36.36468, -13.00611
36.36395, -12.90613
36.36322, -12.80607
36.36256, -12.70606
36.36187, -12.60607
36.36115, -12.50603
36.36047, -12.40601
36.3597, -12.30597
36.35899, -12.20594
36.35832, -12.10594
36.35761, -12.00593
36.35686, -11.90594
36.35618, -11.80593
36.35548, -11.70594
36.35478, -11.60596
36.35412, -11.50597
36.35347, -11.40597
36.35282, -11.30596
36.35221, -11.20595
36.35163, -11.10597
36.35107, -11.00598
36.35048, -10.90599
36.3499, -10.80596
36.34935, -10.70595
36.34878, -10.60598
36.34821, -10.506
36.34765, -10.40604
36.3471, -10.30609
36.34656, -10.20615
36.34606, -10.10621
36.34555, -10.00621
36.34502, -9.906223
36.34455, -9.806275
36.34407, -9.706333
36.34357, -9.60635
36.34312, -9.506391
36.34267, -9.406428
36.34224, -9.306428
36.34179, -9.206431
36.34148, -9.106441
36.34135, -9.006459
36.34124, -8.906487
36.34112, -8.806492
36.34098, -8.706505
36.34086, -8.606515
36.34076, -8.506551
36.34066, -8.406579
36.34038, -8.306571
36.33998, -8.206571
36.33959, -8.106557
36.3392, -8.006576
36.33884, -7.906595
36.33875, -7.806583
36.3387, -7.70657
36.33865, -7.606558
36.33852, -7.50655
36.33819, -7.40656
36.33786, -7.306592
36.33767, -7.206617
36.33767, -7.106622
36.33767, -7.006603
36.33766, -6.906592
36.33766, -6.806583
36.33767, -6.706593
36.3377, -6.606599
36.33772, -6.506603
36.33773, -6.406625
36.33778, -6.306643
36.33783, -6.206661
36.33787, -6.106689
36.33792, -6.00672
36.33793, -5.906753
36.33769, -5.80677
36.33745, -5.706778
36.33723, -5.606775
36.33704, -5.506806
36.33685, -5.406802
36.3367, -5.306785
36.33678, -5.20681
36.3369, -5.10685
36.33678, -5.006884
36.33662, -4.906895
36.3365, -4.806922
36.3364, -4.706935
36.33628, -4.606949
36.33619, -4.506943
36.33612, -4.406972
36.33603, -4.307013
36.33598, -4.207042
36.33592, -4.107071
36.33588, -4.007085
36.33588, -3.907076
36.33583, -3.807076
36.33581, -3.70708
36.33582, -3.607084
36.33591, -3.507059
36.33595, -3.407061
36.33601, -3.307012
36.3361, -3.206996
36.33624, -3.106969
36.33638, -3.006952
36.33648, -2.906945
36.33661, -2.806882
36.33673, -2.706872
36.33691, -2.606809
36.33706, -2.50677
36.33722, -2.406677
36.33742, -2.306512
36.33764, -2.198093
36.33787, -2.081407
36.33817, -1.964651
36.33849, -1.847884
36.3388, -1.731147
36.33916, -1.614289
36.33953, -1.497452
36.34005, -1.380663
36.34081, -1.263927
36.34161, -1.147122
36.3424, -1.030437
36.34323, -0.9136887
36.34408, -0.7969579
36.34494, -0.6801801
36.34582, -0.5634406
36.34672, -0.4467675
36.34764, -0.3300607
36.34858, -0.2133517
36.34952, -0.09661211
36.35048, 0.02011871
36.35113, 0.136855
36.35174, 0.2536512
36.35264, 0.3704256
36.35375, 0.4871466
36.35489, 0.6038295
36.35601, 0.7205876
36.35716, 0.8373827
36.35835, 0.9474193
36.35981, 1.052442
36.36102, 1.164131
36.362, 1.280854
36.36311, 1.39753
36.36429, 1.514198
36.36549, 1.630911
36.36683, 1.747578
36.36822, 1.864292
36.36976, 1.980998
36.37149, 2.097717
36.3734, 2.214384
36.37552, 2.331021
36.37789, 2.44768
36.38064, 2.564339
36.38393, 2.680963
36.38666, 2.78566
36.38592, 2.89755
36.38488, 3.01416
36.38387, 3.130798
36.38289, 3.247488
36.38186, 3.364108
36.38088, 3.480761
36.37993, 3.597432
36.37901, 3.714086
36.37809, 3.830714
36.37717, 3.947353
36.37623, 4.063995
36.37534, 4.180633
36.37445, 4.297265
36.37357, 4.413922
36.37264, 4.530536
36.37175, 4.647121
36.37085, 4.763725
36.36998, 4.880358
36.3691, 4.997012
36.36824, 5.113681
36.36742, 5.230337
36.36658, 5.347003
36.36597, 5.463659
36.3655, 5.58031
36.36504, 5.696955
36.36457, 5.81361
36.36416, 5.930275
36.36376, 6.046954
36.36319, 6.163606
36.36239, 6.280259
36.3616, 6.396924
36.3608, 6.513584
36.36006, 6.630259
36.35964, 6.746936
36.35927, 6.863608
36.35886, 6.98027
36.35814, 7.096948
36.3574, 7.213635
36.35689, 7.330321
36.35656, 7.447016
36.35623, 7.563694
36.35592, 7.680362
36.3556, 7.797053
36.35529, 7.913703
36.35496, 8.030344
36.35463, 8.147004
36.35432, 8.263681
36.354, 8.380332
36.35365, 8.496974
36.35301, 8.613633
36.35238, 8.730302
36.35177, 8.846969
36.35145, 8.963648
36.35115, 9.080277
36.35058, 9.19693
36.34995, 9.31359
36.34932, 9.43027
36.34873, 9.546938
36.34814, 9.663608
36.34753, 9.78028
36.34698, 9.896964
36.34645, 10.01364
36.34588, 10.13032
36.34535, 10.247
36.34483, 10.3637
36.34433, 10.4804
36.34381, 10.59711
36.34331, 10.7138
36.34281, 10.83049
36.34228, 10.94722
36.34173, 11.06391
36.3412, 11.18061
36.34073, 11.29734
36.34027, 11.41402
36.33982, 11.53073
36.33944, 11.64748
36.33906, 11.76419
36.33871, 11.88089
36.33833, 11.99757
36.33795, 12.11432
36.33757, 12.23104
36.33719, 12.34772
36.3368, 12.4644
36.33646, 12.58109
36.33609, 12.69782
36.33577, 12.81458
36.33546, 12.93141
36.33516, 13.04822
36.33503, 13.16504
36.33509, 13.28185
36.33519, 13.39867
36.33526, 13.51547
36.33532, 13.63225
36.3354, 13.74907
36.33551, 13.86583
36.3356, 13.98258
36.33572, 14.09939
36.33583, 14.21618
36.33593, 14.333
36.33606, 14.44981
36.33616, 14.56659
36.33601, 14.6833
36.33576, 14.80004
36.33567, 14.91678
36.33588, 15.0335
36.33602, 15.15025
36.33616, 15.26701
36.33635, 15.38176
36.33689, 15.48421
36.33726, 15.59164
36.33706, 15.70839
36.33683, 15.82518
36.33669, 15.9419
36.33651, 16.05862
36.33635, 16.17532
36.33619, 16.29204
36.3361, 16.40874
36.33603, 16.52545
36.33597, 16.64213
36.33596, 16.75882
36.33597, 16.87552
36.33602, 16.99219
36.33605, 17.10889
36.33611, 17.22556
36.33621, 17.34223
36.33624, 17.45891
36.33632, 17.57557
36.33648, 17.69222
36.33667, 17.80885
36.33687, 17.92548
36.33709, 18.04213
36.33733, 18.15877
36.33765, 18.27543
36.33799, 18.39209
36.33829, 18.50871
36.33869, 18.62532
36.33906, 18.74198
36.33948, 18.8586
36.33995, 18.97522
36.34046, 19.09181
36.34101, 19.20844
36.34162, 19.32507
36.34225, 19.44171
36.34293, 19.55834
36.34362, 19.675
36.34433, 19.79165
36.34534, 19.90828
36.34654, 20.02494
36.34776, 20.14162
36.34899, 20.2583
36.35025, 20.37497
36.35154, 20.49163
36.35286, 20.60828
36.35418, 20.72493
36.35526, 20.84158
36.35629, 20.95824
36.35741, 21.0749
36.35857, 21.19156
36.35994, 21.30822
36.36163, 21.42486
36.36336, 21.54151
36.36509, 21.65812
36.36662, 21.77475
36.36825, 21.89139
36.3703, 22.00805
36.3725, 22.1247
36.37479, 22.24135
36.37721, 22.358
36.37977, 22.47463
36.38255, 22.59127
36.38566, 22.7079
