2.751341, 4.172375
2.751341, 4.172375
2.751341, 4.172375
2.751341, 4.172375
2.751341, 4.172375
2.751341, 4.172375
2.751339, 4.172376
2.751343, 4.172376
2.743385, 4.221742
2.723788, 4.336751
2.702338, 4.451427
2.679075, 4.565749
2.654009, 4.67969
2.628894, 4.786292
2.623265, 4.809426
2.623265, 4.809429
2.623263, 4.809427
2.623262, 4.809426
2.623262, 4.809426
2.623265, 4.809425
2.623262, 4.809424
2.623263, 4.809426
2.623262, 4.809426
2.623262, 4.809426
2.623266, 4.809422
2.623261, 4.809429
2.623262, 4.809428
2.623262, 4.809429
2.623269, 4.809428
2.623259, 4.80943
2.623265, 4.809425
2.623264, 4.809429
2.622679, 4.802312
2.614332, 4.70988
2.602773, 4.593852
2.591973, 4.486118
2.583053, 4.386563
2.574973, 4.286888
2.567029, 4.187183
2.559058, 4.087461
2.551121, 3.987749
2.543154, 3.888058
2.53521, 3.788344
2.527248, 3.688621
2.519304, 3.588932
2.51089, 3.489356
2.501097, 3.389883
2.490019, 3.29057
2.477568, 3.191394
2.463822, 3.092417
2.448874, 2.993685
2.432462, 2.89513
2.414683, 2.796795
2.395641, 2.698738
2.375207, 2.600914
2.353543, 2.503409
2.330462, 2.406206
2.305968, 2.309283
2.280357, 2.212755
2.253353, 2.116588
2.224927, 2.020784
2.195246, 1.925382
2.164314, 1.830416
2.131987, 1.735874
2.098403, 1.641812
2.063488, 1.548251
2.027117, 1.45522
1.989208, 1.362719
1.973065, 1.324345
1.973065, 1.324345
1.973065, 1.324345
1.973065, 1.324345
1.973065, 1.324345
1.973065, 1.324345
1.973065, 1.324345
1.973065, 1.324345
1.973065, 1.324345
1.986217, 1.318671
2.080109, 1.277481
2.18638, 1.229037
2.291848, 1.178957
2.396479, 1.127252
2.500801, 1.074647
2.605106, 1.021973
2.709408, 0.9692641
2.813534, 0.9162734
2.917038, 0.8620386
3.020295, 0.8072807
3.12356, 0.7525083
3.226825, 0.6977253
3.330078, 0.64292
3.433307, 0.5880572
3.536566, 0.5331978
3.639791, 0.478327
3.742997, 0.423448
3.846199, 0.3685394
3.949187, 0.3133519
4.051401, 0.2568598
4.152622, 0.1986545
4.246703, 0.1423762
4.267025, 0.1299408
4.267028, 0.129937
4.267029, 0.1299336
4.267025, 0.1299351
4.267025, 0.1299351
4.267025, 0.1299351
4.267025, 0.1299351
4.267025, 0.1299351
4.26284, 0.1241519
4.20844, 0.0489926
4.139588, -0.04509854
4.069358, -0.1381685
3.997713, -0.2300835
3.924662, -0.3208614
3.850196, -0.4104862
3.774397, -0.4989461
3.697247, -0.5862041
3.618686, -0.6722603
3.538762, -0.7570813
3.457525, -0.8406078
3.374975, -0.9228474
3.291121, -1.003786
3.205973, -1.083416
3.119612, -1.161688
3.03204, -1.238605
2.943241, -1.314115
2.853283, -1.388214
2.762197, -1.460887
2.669945, -1.532087
2.576553, -1.601859
2.482089, -1.670157
2.386542, -1.736947
2.28991, -1.8022
2.192239, -1.865932
2.093676, -1.928082
1.994136, -1.988618
1.893563, -2.047559
1.792061, -2.104868
1.68965, -2.160449
1.617978, -2.198024
1.615862, -2.19912
1.615862, -2.19912
1.615862, -2.19912
1.615862, -2.19912
1.615862, -2.19912
1.615862, -2.19912
1.615862, -2.19912
1.619009, -2.205535
1.660638, -2.288537
1.713545, -2.392514
1.767839, -2.495763
1.823321, -2.598393
1.87895, -2.700982
1.934602, -2.803554
1.991041, -2.90567
2.048976, -3.006938
2.108271, -3.107414
2.167957, -3.207624
2.227654, -3.307863
2.28734, -3.408099
2.347059, -3.508323
2.406742, -3.60855
2.466438, -3.708794
2.526123, -3.809018
2.585797, -3.909283
2.645496, -4.009565
2.705769, -4.109468
2.767505, -4.208481
2.830715, -4.306518
2.895461, -4.403559
2.96176, -4.499577
3.029555, -4.594549
3.098798, -4.688453
3.168095, -4.779389
3.189993, -4.807616
3.189997, -4.807613
3.189994, -4.807616
3.189995, -4.807612
3.189994, -4.807616
3.189992, -4.807614
3.189995, -4.807614
3.189994, -4.807613
3.18999, -4.807614
3.189995, -4.807613
3.189989, -4.807612
3.189992, -4.807612
3.189991, -4.807612
3.189994, -4.807613
3.189993, -4.80761
3.189991, -4.807615
3.189994, -4.807613
3.189989, -4.807614
3.189991, -4.807613
3.189992, -4.807614
3.18762, -4.771986
3.179072, -4.658021
3.169122, -4.541755
3.159048, -4.42548
3.148974, -4.309202
3.138757, -4.192954
3.127275, -4.076877
3.11401, -3.960984
3.098863, -3.845335
3.081882, -3.729931
3.063049, -3.614815
3.042439, -3.500006
3.020017, -3.385537
2.995789, -3.271442
2.969786, -3.157679
2.941978, -3.044338
2.912391, -2.931473
2.88092, -2.819117
2.847661, -2.707285
2.812577, -2.596006
2.775614, -2.485339
2.74885, -2.408915
2.74805, -2.406671
2.74805, -2.406671
2.74805, -2.406671
2.74805, -2.406671
2.74805, -2.406671
2.74805, -2.406671
2.74805, -2.406671
2.745805, -2.407459
2.669298, -2.433954
2.55869, -2.470868
2.447487, -2.506054
2.33574, -2.539478
2.22346, -2.571171
2.110716, -2.601088
1.997542, -2.629258
1.88395, -2.655655
1.769982, -2.680278
1.655627, -2.703103
1.540948, -2.724156
1.425892, -2.743426
1.310576, -2.760897
1.195019, -2.776591
1.079271, -2.790478
0.9633051, -2.802516
0.8471587, -2.812739
0.730869, -2.821157
0.6144928, -2.827728
0.4980221, -2.832502
0.3814935, -2.835469
0.2649169, -2.836645
0.1484405, -2.835958
0.03197059, -2.833493
-0.08448289, -2.829211
-0.2008094, -2.823088
-0.3170553, -2.815112
-0.4332202, -2.805344
-0.5491624, -2.793748
-0.6649452, -2.780373
-0.7805027, -2.765196
-0.8957623, -2.748243
-1.010777, -2.729469
-1.125537, -2.708935
-1.239951, -2.686582
-1.354011, -2.662451
-1.467741, -2.636564
-1.581061, -2.608891
-1.693871, -2.57943
-1.806248, -2.548185
-1.918072, -2.515187
-2.029388, -2.480452
-2.140091, -2.444008
-2.250283, -2.405833
-2.359942, -2.366328
-2.469443, -2.326587
-2.578926, -2.286865
-2.688453, -2.247188
-2.797983, -2.207521
-2.907493, -2.16786
-3.017011, -2.128183
-3.126512, -2.088526
-3.236039, -2.048852
-3.345587, -2.009173
-3.455115, -1.969551
-3.564644, -1.929932
-3.67421, -1.89032
-3.783722, -1.850448
-3.892844, -1.809207
-4.001235, -1.766199
-4.108969, -1.721456
-4.215909, -1.674942
-4.309105, -1.63268
-4.322086, -1.626686
-4.322088, -1.626687
-4.322086, -1.626686
-4.322087, -1.626688
-4.322087, -1.626687
-4.322088, -1.626689
-4.322086, -1.626684
-4.323201, -1.628787
-4.3604, -1.700634
-4.413794, -1.804264
-4.467173, -1.907871
-4.520572, -2.011467
-4.573982, -2.115104
-4.627374, -2.21872
-4.680744, -2.322353
-4.734008, -2.426096
-4.785029, -2.528259
-4.800688, -2.560326
-4.800686, -2.560322
-4.800686, -2.560318
-4.800687, -2.560322
-4.800685, -2.560326
-4.800687, -2.56032
-4.800687, -2.560322
-4.800687, -2.560322
-4.800688, -2.560321
-4.800689, -2.560319
-4.800687, -2.560323
-4.800687, -2.560321
-4.800686, -2.560322
-4.800687, -2.560323
-4.800689, -2.560323
-4.80069, -2.56032
-4.800686, -2.560324
-4.800688, -2.560324
-4.800689, -2.560321
-4.800685, -2.56032
-4.800684, -2.560323
-4.800689, -2.56032
-4.800684, -2.560322
-4.734067, -2.558032
-4.617511, -2.552919
-4.500951, -2.547453
-4.384316, -2.543542
-4.267648, -2.541111
-4.150974, -2.539017
-4.0343, -2.536918
-3.917635, -2.534819
-3.800977, -2.532721
-3.68433, -2.530628
-3.567689, -2.528203
-3.451129, -2.524297
-3.334616, -2.518548
-3.218208, -2.51099
-3.101936, -2.501628
-2.985821, -2.49044
-2.869898, -2.477435
-2.754215, -2.462634
-2.638774, -2.446033
-2.523585, -2.427612
-2.408709, -2.4074
-2.294152, -2.385397
-2.179981, -2.361603
-2.066165, -2.336027
-1.952765, -2.308677
-1.839825, -2.279554
-1.727336, -2.248672
-1.615351, -2.216029
-1.503891, -2.18164
-1.392987, -2.145504
-1.282667, -2.107636
-1.17294, -2.068044
-1.06387, -2.026746
-0.9554532, -1.983728
-0.8476812, -1.939006
-0.7406172, -1.892597
-0.6342992, -1.844505
-0.5287424, -1.79475
-0.4239734, -1.74333
-0.3200167, -1.690272
-0.2169218, -1.635581
-0.1146956, -1.579255
-0.01337715, -1.52132
0.0869996, -1.461801
0.1864162, -1.400684
0.2848428, -1.337987
0.3822648, -1.273714
0.4786215, -1.207879
0.5738888, -1.140454
0.6622794, -1.075724
0.6813854, -1.061478
0.6813854, -1.061478
0.6813854, -1.061478
0.6813854, -1.061478
0.6813854, -1.061478
0.6813854, -1.061478
0.6813854, -1.061478
0.6813854, -1.061478
0.7031394, -1.089808
0.7733861, -1.179961
0.8464692, -1.270916
0.9209558, -1.360709
0.9968785, -1.449308
1.07419, -1.536696
1.152823, -1.622881
1.232772, -1.707835
1.314036, -1.791539
1.396614, -1.873968
1.480457, -1.955097
1.565544, -2.034921
1.651902, -2.11339
1.739479, -2.1905
1.828261, -2.266217
1.918127, -2.340652
2.008397, -2.414592
2.09869, -2.488505
2.188981, -2.562422
2.279297, -2.636309
2.370107, -2.709577
2.461881, -2.781578
2.554036, -2.853094
2.646178, -2.924617
2.738496, -2.995961
2.831652, -3.066221
2.925908, -3.134999
3.021198, -3.202322
3.117228, -3.268608
3.214199, -3.333536
3.312179, -3.396961
3.411136, -3.458797
3.510996, -3.51911
3.611822, -3.57783
3.71354, -3.634945
3.816174, -3.690454
3.919697, -3.744328
4.02404, -3.796561
4.129149, -3.847139
4.235105, -3.896001
4.341882, -3.943167
4.449372, -3.988583
4.557596, -4.032237
4.65313, -4.069087
4.666499, -4.074127
4.666497, -4.074123
4.666495, -4.074126
4.666497, -4.074129
4.666492, -4.074124
4.666494, -4.074122
4.666495, -4.074125
4.666496, -4.074124
4.666496, -4.074125
4.666613, -4.071755
4.670356, -3.990887
4.675175, -3.874291
4.678216, -3.757659
4.679446, -3.640994
4.678885, -3.524338
4.676479, -3.407691
4.672263, -3.291096
4.666202, -3.174576
4.658324, -3.05816
4.64858, -2.941914
4.636959, -2.825848
4.623501, -2.709995
4.608249, -2.594356
4.591207, -2.478958
4.572346, -2.363867
4.551686, -2.249052
4.529161, -2.134601
4.504843, -2.020494
4.478699, -1.9068
4.450761, -1.793542
4.421079, -1.68073
4.389594, -1.568409
4.356262, -1.456604
4.321193, -1.345338
4.2842, -1.234718
4.245488, -1.124648
4.205724, -1.017481
4.192997, -0.9841165
4.192997, -0.9841165
4.192997, -0.9841165
4.192997, -0.9841165
4.192997, -0.9841165
4.192997, -0.9841165
4.192997, -0.9841165
4.192997, -0.9841161
4.238423, -0.9631757
4.343961, -0.9132347
4.448756, -0.8616061
4.552651, -0.8083663
4.655705, -0.753539
4.757881, -0.6971186
4.80137, -0.672533
4.801371, -0.6725327
4.801372, -0.672533
4.80137, -0.6725326
4.801369, -0.672532
4.801371, -0.6725346
4.801371, -0.6725318
4.801371, -0.6725324
4.801371, -0.6725318
4.80137, -0.6725321
4.80137, -0.6725337
4.801373, -0.6725335
4.801372, -0.6725314
4.801373, -0.6725349
4.80137, -0.6725364
4.801371, -0.6725355
4.801368, -0.6725332
4.80137, -0.6725372
4.801371, -0.6725346
4.80137, -0.6725324
4.765735, -0.6711023
4.651808, -0.6661126
4.535487, -0.6606387
4.419174, -0.6551038
4.302866, -0.6495625
4.186542, -0.6440247
4.070226, -0.6385037
3.953891, -0.6329805
3.837564, -0.6274579
3.721252, -0.6219044
3.604947, -0.6163534
3.48865, -0.6107963
3.37235, -0.6052631
3.256041, -0.5997621
3.139706, -0.5942401
3.023376, -0.5887205
2.90706, -0.5832115
2.790754, -0.577703
2.674433, -0.5721937
2.558125, -0.5667267
2.441831, -0.5612331
2.325504, -0.5557279
2.209183, -0.550294
2.092884, -0.5448077
1.97657, -0.5392956
1.860261, -0.5337967
1.743963, -0.5283007
1.627648, -0.5227907
1.511288, -0.5171664
1.394949, -0.5104016
1.278758, -0.5018271
1.162691, -0.4914652
1.046756, -0.4793019
0.9310209, -0.4653061
0.8155789, -0.4494914
0.7003554, -0.4319065
0.5853727, -0.4125346
0.4706852, -0.3913567
0.3563277, -0.3683505
0.2423926, -0.343551
0.1289004, -0.3169553
0.01582884, -0.288597
-0.09682039, -0.2584818
-0.209023, -0.2265793
-0.3206983, -0.1929294
-0.4318239, -0.1575005
-0.5423222, -0.1203463
-0.6522704, -0.08143821
-0.7615928, -0.04078131
-0.8701806, 0.00163802
-0.9781412, 0.0457481
-1.085375, 0.09162957
-1.191834, 0.139254
-1.276016, 0.1783789
-1.28247, 0.1814407
-1.28247, 0.1814407
-1.28247, 0.1814407
-1.28247, 0.1814407
-1.28247, 0.1814407
-1.28247, 0.1814407
-1.28247, 0.1814407
-1.28247, 0.1814407
-1.28247, 0.1814407
-1.308192, 0.129134
-1.351602, 0.03917758
-1.394022, -0.05121231
-1.435641, -0.1420561
-1.477134, -0.2329925
-1.51863, -0.3239291
-1.560115, -0.4148898
-1.601609, -0.5058177
-1.643089, -0.5967417
-1.68458, -0.687661
-1.726083, -0.7785928
-1.767596, -0.8695078
-1.809076, -0.9604666
-1.850824, -1.051316
-1.893576, -1.141748
-1.937482, -1.231574
-1.982574, -1.320785
-2.028895, -1.409424
-2.0764, -1.497403
-2.124996, -1.584714
-2.174787, -1.671363
-2.225647, -1.757344
-2.277709, -1.842641
-2.330981, -1.927224
-2.385397, -2.011097
-2.440854, -2.094262
-2.49676, -2.177004
-2.5527, -2.259712
-2.608656, -2.342397
-2.665027, -2.424926
-2.722385, -2.506799
-2.780863, -2.587885
-2.840189, -2.668318
-2.899627, -2.748576
-2.959127, -2.828777
-3.019205, -2.908594
-3.079561, -2.988193
-3.139955, -3.067789
-3.20028, -3.147418
-3.259885, -3.227511
-3.318458, -3.308415
-3.376006, -3.390147
-3.432423, -3.472609
-3.487739, -3.555815
-3.541924, -3.639782
-3.594958, -3.72442
-3.646956, -3.809798
-3.697676, -3.895854
-3.747229, -3.98258
-3.795712, -4.069998
-3.843003, -4.15809
-3.88913, -4.246777
-3.933989, -4.336058
-3.977614, -4.425928
-4.020067, -4.516439
-4.061488, -4.607439
-4.103083, -4.698343
-4.144714, -4.786187
-4.156806, -4.811196
-4.1568, -4.811194
-4.156803, -4.811195
-4.156801, -4.811192
-4.156802, -4.811195
-4.156797, -4.811194
-4.156801, -4.811194
-4.156803, -4.811195
-4.156797, -4.811195
-4.156798, -4.811193
-4.156806, -4.811193
-4.156802, -4.811193
-4.156799, -4.811195
-4.156804, -4.81119
-4.156803, -4.811194
-4.156804, -4.811197
-4.1568, -4.811195
-4.156803, -4.811194
-4.156799, -4.811193
-4.156802, -4.811197
-4.156802, -4.811194
-4.153183, -4.794915
-4.132251, -4.70563
-4.107986, -4.608586
-4.082324, -4.511907
-4.062993, -4.442318
-4.062232, -4.439648
-4.062232, -4.439648
-4.062232, -4.439648
-4.062232, -4.439648
-4.062232, -4.439648
-4.062232, -4.439648
-4.062232, -4.439648
-4.062232, -4.439648
-4.062237, -4.439641
-4.116999, -4.419585
-4.210367, -4.383781
-4.303244, -4.346713
-4.395637, -4.308414
-4.487469, -4.268869
-4.578763, -4.2281
-4.669507, -4.186121
-4.759695, -4.142894
-4.812025, -4.117173
-4.812027, -4.117175
-4.812029, -4.117175
-4.812027, -4.117174
-4.812027, -4.117174
-4.812025, -4.117176
-4.812024, -4.117174
-4.812026, -4.117177
-4.812028, -4.117175
-4.812025, -4.117175
-4.812025, -4.117175
-4.812023, -4.117176
-4.812027, -4.117175
-4.812026, -4.117176
-4.812023, -4.117177
-4.812025, -4.117176
-4.812026, -4.117177
-4.812029, -4.117168
-4.812025, -4.117177
-4.812027, -4.117175
-4.812028, -4.117174
-4.812027, -4.117175
-4.81203, -4.117176
-4.812027, -4.117181
-4.784754, -4.111856
-4.689367, -4.092776
-4.591483, -4.072076
-4.493882, -4.050109
-4.396658, -4.026829
-4.299733, -4.002256
-4.203115, -3.976388
-4.106852, -3.949235
-4.010981, -3.920805
-3.915464, -3.89107
-3.820403, -3.860062
-3.725754, -3.827774
-3.631536, -3.794227
-3.537771, -3.75943
-3.4445, -3.723385
-3.351699, -3.686108
-3.259411, -3.647586
-3.167641, -3.60782
-3.076406, -3.566807
-2.985726, -3.524573
-2.895656, -3.481153
-2.806155, -3.436532
-2.717258, -3.39072
-2.628944, -3.34371
-2.541271, -3.295529
-2.454268, -3.246152
-2.367941, -3.195621
-2.282337, -3.143951
-2.197392, -3.091155
-2.113153, -3.037215
-2.029654, -2.982105
-1.946918, -2.9259
-1.864951, -2.868598
-1.783744, -2.810196
-1.703352, -2.750696
-1.623762, -2.690123
-1.54499, -2.62849
-1.467084, -2.565819
-1.390036, -2.502106
-1.31385, -2.437344
-1.238517, -2.371573
-1.164091, -2.304784
-1.09055, -2.23697
-1.017973, -2.168164
-0.9463388, -2.098375
-0.8756642, -2.027627
-0.8059584, -1.955913
-0.7372364, -1.883241
-0.6695781, -1.809648
-0.6029139, -1.735086
-0.5373023, -1.659571
-0.4781375, -1.58954
-0.4674702, -1.576739
-0.4674702, -1.576739
-0.4674702, -1.576739
-0.4674702, -1.576739
-0.4674702, -1.576739
-0.4674702, -1.576739
-0.4674702, -1.576739
-0.4674702, -1.576739
-0.4674702, -1.576739
-0.4544012, -1.587074
-0.3824471, -1.643846
-0.3032535, -1.70487
-0.2232271, -1.764832
-0.1424085, -1.823713
-0.06081914, -1.881514
0.02155092, -1.938219
0.10466, -1.993806
0.1885128, -2.048261
0.273119, -2.101584
0.3584192, -2.153773
0.4443822, -2.204824
0.5310416, -2.254719
0.6183601, -2.303418
0.7063299, -2.350954
0.7949179, -2.397308
0.8841357, -2.442457
0.9739576, -2.486396
1.06435, -2.529152
1.155327, -2.570672
1.246838, -2.61096
1.338896, -2.64999
1.431476, -2.687777
1.524549, -2.724305
1.618102, -2.759546
1.712129, -2.793516
1.80663, -2.826198
1.901562, -2.857584
1.996915, -2.887653
2.092699, -2.916362
2.1888, -2.944012
2.258294, -2.963727
2.260967, -2.964484
2.260967, -2.964484
2.260967, -2.964484
2.260967, -2.964484
2.260967, -2.964484
2.260967, -2.964484
2.260967, -2.964484
2.260967, -2.964484
2.260967, -2.964484
2.253174, -2.991146
2.22546, -3.084335
2.19686, -3.18016
2.168265, -3.275986
2.139675, -3.371822
2.111084, -3.467657
2.082494, -3.563484
2.05386, -3.6593
2.024612, -3.754926
1.994136, -3.850166
1.962385, -3.944995
1.929361, -4.039385
1.895064, -4.133327
1.859485, -4.226792
1.822676, -4.319767
1.78463, -4.412248
1.745355, -4.504216
1.704825, -4.595647
1.663093, -4.686517
1.620156, -4.776825
1.60195, -4.814317
1.601951, -4.81432
1.601951, -4.814322
1.601949, -4.81432
1.601954, -4.814322
1.601952, -4.814322
1.601953, -4.81432
1.601953, -4.814323
1.601951, -4.814319
1.601954, -4.814323
1.601952, -4.814321
1.601953, -4.814319
1.601949, -4.81432
1.60195, -4.814318
1.60195, -4.814321
1.601952, -4.814319
1.601951, -4.81432
1.601953, -4.814318
1.601955, -4.81432
1.601953, -4.814322
1.601952, -4.814322
1.601956, -4.81432
1.601957, -4.814322
1.601398, -4.755986
1.600468, -4.655962
1.599277, -4.555908
1.598227, -4.455851
1.598032, -4.355803
1.598983, -4.255783
1.600483, -4.155757
1.601994, -4.055729
1.603504, -3.95569
1.605032, -3.855664
1.60654, -3.755635
1.608033, -3.655598
1.609535, -3.555573
1.610999, -3.455542
1.612439, -3.355503
1.613885, -3.255475
1.61533, -3.15544
1.616756, -3.055403
1.618144, -2.955375
1.619539, -2.855336
1.620937, -2.7553
1.622298, -2.655271
1.623413, -2.555238
1.6235, -2.463558
1.62338, -2.446895
1.62338, -2.446895
1.62338, -2.446895
1.62338, -2.446895
1.62338, -2.446895
1.62338, -2.446895
1.62338, -2.446895
1.62338, -2.446895
1.62338, -2.446895
1.631731, -2.446744
1.715284, -2.445154
1.815286, -2.442856
1.915297, -2.439362
2.015361, -2.434504
2.115257, -2.428326
2.215061, -2.420806
2.314766, -2.411937
2.414335, -2.401731
2.513888, -2.390301
2.61351, -2.378465
2.71314, -2.366625
2.812716, -2.354644
2.912096, -2.341738
3.011313, -2.328027
3.110525, -2.314223
3.209749, -2.300422
3.308976, -2.286625
3.408194, -2.272831
3.507408, -2.259033
3.606603, -2.24487
3.705602, -2.229437
3.763167, -2.219813
3.763163, -2.219813
3.763171, -2.219811
3.763162, -2.219814
3.763159, -2.219815
3.763159, -2.219815
3.763159, -2.219815
3.763159, -2.219815
3.763159, -2.219815
3.763159, -2.219815
3.761104, -2.211738
3.740533, -2.130989
3.715465, -2.034193
3.689275, -1.937684
3.661736, -1.841557
3.63292, -1.745809
3.602751, -1.650462
3.571337, -1.555523
3.538655, -1.461024
3.504814, -1.366954
3.469759, -1.273325
3.433311, -1.180202
3.395582, -1.087605
3.356618, -0.9955211
3.316462, -0.9039606
3.275122, -0.8129507
3.232489, -0.7225173
3.188701, -0.6326392
3.143801, -0.5433238
3.097612, -0.45464
3.050281, -0.3665861
3.001807, -0.2791942
2.952101, -0.1924668
2.901218, -0.1063845
2.849162, -0.02102764
2.79603, 0.06364607
2.741729, 0.1475819
2.686359, 0.2307884
2.629838, 0.3132373
2.572261, 0.3949357
2.513603, 0.4758653
2.453905, 0.5560125
2.393027, 0.6352765
2.33114, 0.7137452
2.268207, 0.7913936
2.204162, 0.8681746
2.139122, 0.9440803
2.073177, 1.019135
2.006122, 1.093256
1.938029, 1.166457
1.869007, 1.238755
1.799071, 1.310124
1.72806, 1.380499
1.656127, 1.449942
1.583351, 1.518443
1.509666, 1.585919
1.434996, 1.652411
1.359436, 1.717903
1.28305, 1.782361
1.205832, 1.845774
1.127806, 1.908157
1.04885, 1.96944
0.9690256, 2.029655
0.8884423, 2.088797
0.8071406, 2.146902
0.7250031, 2.203835
0.6421812, 2.259717
0.5586089, 2.314408
0.4742815, 2.367969
0.3892137, 2.420377
0.3033445, 2.471587
0.2168602, 2.52167
0.129677, 2.570511
0.04191395, 2.618207
-0.04653824, 2.664656
-0.1356011, 2.709896
-0.2253269, 2.753888
-0.3157115, 2.796594
-0.4066584, 2.838031
-0.4905322, 2.874839
-0.5058469, 2.881414
-0.5058469, 2.881414
-0.5058469, 2.881414
-0.5058469, 2.881414
-0.5058469, 2.881414
-0.5058469, 2.881414
-0.5058469, 2.881414
-0.5058469, 2.881414
-0.5058469, 2.881414
-0.5025908, 2.889083
-0.4700099, 2.965748
-0.4309021, 3.057687
-0.3917923, 3.14964
-0.3526865, 3.241616
-0.3135762, 3.333583
-0.2744701, 3.425521
-0.2353664, 3.51745
-0.1962576, 3.609381
-0.1571566, 3.70133
-0.1179664, 3.793303
-0.07808983, 3.88502
-0.03697395, 3.976232
0.005362669, 4.066866
0.04885948, 4.156903
0.093555, 4.246356
0.1394584, 4.33523
0.1865114, 4.423453
0.234749, 4.511034
0.2841641, 4.597956
0.3347534, 4.684229
0.386482, 4.76982
0.4083526, 4.805302
0.4083525, 4.805304
0.4083489, 4.8053
0.4083463, 4.805303
0.408352, 4.805304
0.4083514, 4.805306
0.4083523, 4.805307
0.4083505, 4.805301
0.4083488, 4.805302
0.4083552, 4.805299
0.4083456, 4.805305
0.4083497, 4.805304
0.4083506, 4.805305
0.4083515, 4.805302
0.4083509, 4.805301
0.4083507, 4.805305
0.4083519, 4.805306
0.4083509, 4.805304
0.40835, 4.805305
0.4083501, 4.805304
0.408347, 4.805304
0.4083508, 4.8053
0.4083504, 4.805307
0.407822, 4.777532
0.4058358, 4.680358
0.4027926, 4.580454
0.3994965, 4.480555
0.3961687, 4.380655
0.3928039, 4.280725
0.3894302, 4.180792
0.3860333, 4.080886
0.3826055, 3.980968
0.3792235, 3.881051
0.3758446, 3.781117
0.3724414, 3.68118
0.3690218, 3.581245
0.3656209, 3.481301
0.3622352, 3.381355
0.3588165, 3.28141
0.3553875, 3.181464
0.3519625, 3.081523
0.3485692, 2.981577
0.3451366, 2.881636
0.3416913, 2.781695
0.3382638, 2.681757
0.3348298, 2.581811
0.3313615, 2.481869
0.3279238, 2.381928
0.3244669, 2.281982
0.3209976, 2.182047
0.3175305, 2.082103
0.3140457, 1.982162
0.3105583, 1.882219
0.307062, 1.782276
0.303547, 1.682341
0.3001091, 1.582416
0.2983895, 1.524134
0.2983892, 1.524136
0.2983892, 1.524136
0.2983892, 1.524136
0.2983892, 1.524136
0.2983892, 1.524136
0.2983892, 1.524136
0.2983892, 1.524136
0.2983892, 1.524136
0.2983892, 1.524136
0.3567167, 1.521678
0.456701, 1.517697
0.556638, 1.512626
0.6565436, 1.506224
0.7563362, 1.498493
0.8559936, 1.489411
0.9555306, 1.478999
1.054885, 1.467264
1.154087, 1.454199
1.253156, 1.439796
1.351969, 1.424042
1.450525, 1.406972
1.548869, 1.388607
1.646956, 1.368927
1.744787, 1.347937
1.842289, 1.325609
1.939518, 1.301964
2.036377, 1.277014
2.132873, 1.250791
2.229035, 1.223299
2.324995, 1.195015
2.420944, 1.166633
2.516885, 1.138258
2.612787, 1.10988
2.708671, 1.081393
2.804559, 1.052812
2.900462, 1.024238
2.996363, 0.9956825
3.092263, 0.9671236
3.188157, 0.9385133
3.284061, 0.9099255
3.37996, 0.8813127
3.475861, 0.8527098
3.571757, 0.8241086
3.667603, 0.7954058
3.76317, 0.7658629
3.858346, 0.735069
3.953032, 0.7029632
4.047281, 0.6695438
4.140998, 0.6348408
4.234272, 0.598855
4.327072, 0.5615134
4.411645, 0.5260713
4.426968, 0.5195065
4.426968, 0.5195019
4.426969, 0.5195093
4.42697, 0.5195075
4.426967, 0.5195043
4.426962, 0.5195071
4.426962, 0.5195071
4.426962, 0.5195071
4.426962, 0.5195071
4.426962, 0.5195071
4.418379, 0.5052275
4.371011, 0.4267415
4.318898, 0.3414477
4.265704, 0.2568317
4.211372, 0.172933
4.155918, 0.08976748
4.099338, 0.007342227
4.04171, -0.07431733
3.982986, -0.1551964
3.923167, -0.2352834
3.862277, -0.3145603
3.800336, -0.3930209
3.73737, -0.4706353
3.673341, -0.5474053
3.608288, -0.6233172
3.542242, -0.6983505
3.47521, -0.77248
3.40717, -0.8456991
3.338149, -0.9180046
3.268154, -0.9893836
3.197214, -1.059829
3.125335, -1.129306
3.052552, -1.197813
2.978837, -1.265345
2.90424, -1.331882
2.828762, -1.397413
2.752423, -1.461912
2.67518, -1.525409
2.597087, -1.58786
2.51817, -1.649269
2.438421, -1.709622
2.357887, -1.768886
2.276561, -1.827067
2.194437, -1.884153
2.11156, -1.940136
2.027952, -1.994991
1.943608, -2.048722
1.858558, -2.101308
1.772793, -2.152751
1.68634, -2.203039
1.599195, -2.25215
1.511399, -2.300077
1.422985, -2.346805
1.333934, -2.39234
1.244278, -2.436665
1.154031, -2.479776
1.063217, -2.521649
0.9718425, -2.56228
0.8799193, -2.601662
0.7874706, -2.639782
0.6944811, -2.676632
0.6009982, -2.712177
0.5070352, -2.746398
0.4125756, -2.779247
0.3572656, -2.7978
0.3572662, -2.7978
0.3572662, -2.7978
0.3572662, -2.7978
0.3572662, -2.7978
0.3572662, -2.7978
0.3572662, -2.7978
0.3572662, -2.7978
0.3572662, -2.7978
0.3572662, -2.7978
0.3700161, -2.837472
0.4006412, -2.932682
0.4317637, -3.027718
0.4639643, -3.122396
0.4966497, -3.216912
0.5293631, -3.311408
0.5620746, -3.405911
0.5947828, -3.500412
0.6274884, -3.594916
0.6601961, -3.68942
0.6929345, -3.783914
0.72632, -3.878177
0.7609382, -3.971993
0.7998659, -4.073084
0.8434181, -4.181321
0.8886634, -4.288868
0.9356053, -4.395681
0.984221, -4.501739
1.034472, -4.607033
1.086355, -4.711534
1.128769, -4.79414
1.132076, -4.80047
1.13207, -4.800474
1.132072, -4.800475
1.132071, -4.800474
1.132076, -4.800475
1.132072, -4.800476
1.13207, -4.800475
1.132077, -4.800473
1.132071, -4.800475
1.132078, -4.800474
1.132077, -4.800472
1.132074, -4.800469
1.132073, -4.800474
1.132074, -4.800476
1.132073, -4.800475
1.132075, -4.800477
1.132069, -4.800473
1.132069, -4.800473
1.132072, -4.800473
1.132285, -4.76475
1.132625, -4.650429
1.132234, -4.533711
1.131739, -4.416984
1.131288, -4.300261
1.130809, -4.18354
1.130438, -4.066828
1.131316, -3.950137
1.133455, -3.833481
1.135795, -3.716848
1.138124, -3.600216
1.140427, -3.483584
1.142725, -3.366947
1.145024, -3.250302
1.147323, -3.133658
1.149611, -3.017025
1.151901, -2.900395
1.154173, -2.78376
1.156474, -2.667121
1.158718, -2.552869
1.159411, -2.517166
1.159411, -2.517166
1.159411, -2.517166
1.159411, -2.517166
1.159411, -2.517166
1.159411, -2.517166
1.159411, -2.517166
1.159411, -2.517166
1.195165, -2.516861
1.30959, -2.51504
1.426385, -2.511426
1.54312, -2.505981
1.659655, -2.498713
1.776151, -2.48961
1.892526, -2.478685
2.008636, -2.465956
2.124549, -2.451401
2.240279, -2.435016
2.355638, -2.416841
2.470858, -2.396892
2.585878, -2.376066
2.700559, -2.355109
2.815352, -2.333885
2.92996, -2.3113
3.044305, -2.287384
3.158628, -2.263245
3.27292, -2.239108
3.387224, -2.214965
3.501511, -2.19083
3.615781, -2.16667
3.729761, -2.141693
3.820382, -2.120468
3.827349, -2.118785
3.827347, -2.118786
3.827341, -2.118786
3.827341, -2.118786
3.827341, -2.118786
3.827341, -2.118786
3.827341, -2.118786
3.827341, -2.118786
3.816948, -2.084617
3.783402, -1.97537
3.747832, -1.864265
3.710568, -1.75373
3.671513, -1.643812
3.630722, -1.534521
3.588168, -1.425889
3.543937, -1.317949
3.498122, -1.210697
3.450617, -1.10419
3.401388, -0.9984579
3.350531, -0.8935195
3.297905, -0.7894268
3.243695, -0.6861617
3.187788, -0.5838025
3.130217, -0.4823733
3.071042, -0.3818778
3.010139, -0.282366
2.947715, -0.1838646
2.883618, -0.08645885
2.81785, 0.009806982
2.789163, 0.05072265
2.789165, 0.05072543
2.789165, 0.05072543
2.789165, 0.05072543
2.789165, 0.05072543
2.789165, 0.05072543
2.789165, 0.05072543
2.789165, 0.05072543
2.769464, 0.03747329
2.678356, -0.02296395
2.58026, -0.0859579
2.481127, -0.1473967
2.381041, -0.2072518
2.280111, -0.2654682
2.178309, -0.3220445
2.075594, -0.3769867
1.971915, -0.4302545
1.867492, -0.4817779
1.762148, -0.5315512
